%YAML:1.0
---
camera_matrix: !!opencv-matrix
   rows: 3
   cols: 3
   dt: d
   data: [ 2182.9517182960449, 0., 955.3089361800254, 0.,
       2183.179079398084, 604.85574350777824, 0., 0., 1. ]
dist_coeff: !!opencv-matrix
   rows: 1
   cols: 14
   dt: d
   data: [ -10.215770304276077, 21.730802416098303,
       -0.00067270670825481918, -0.0022514732706552538,
       1.5520475118899166, -10.111291672713568, 20.415380877142098,
       5.6208390520241931, 0., 0., 0., 0., 0., 0. ]
rotation_vectors: !!opencv-matrix
   rows: 10
   cols: 3
   dt: d
   data: [ -0.040503749335958308, -0.13542683094592572,
       -1.5503477034316648, 0.31610333846978123, 0.31381425098252164,
       -1.4867621776737339, -0.27371979482426106, -0.48767311999461482,
       -1.5055752263983126, 0.34731051737759389, -0.37843798936052747,
       -1.4585780464328779, -0.4607176218265312, 0.41598561650125693,
       -1.4932198777729893, -0.09585678237708152, 0.13888696522213156,
       -2.4992281966976626, -0.15161250411208738, 0.052534786134851984,
       -0.69344189125672495, 0.34280211995470045, -0.26047931390568974,
       -1.4518926827759546, -0.11534996206121903, -0.023839134998150047,
       -1.8964783507290539, -0.043299596542306709, -0.13441254179533879,
       -1.5509162170292834 ]
translation_vectors: !!opencv-matrix
   rows: 10
   cols: 3
   dt: d
   data: [ -0.10455973620262354, 0.047967803176213249,
       0.63671730082717737, -0.085752249523875973, -0.042014420322508302,
       0.61180815562845114, -0.079047563406008298, 0.032155740607192521,
       0.48990079087565702, -0.12047311487448449, 0.021588234907069789,
       0.45750284723085333, -0.0037426593790970109, 0.019357170651965388,
       0.63511906867457069, -0.022903240175223376, 0.10485275122622274,
       0.56502423127218127, -0.081555307405302882, -0.033756822273288356,
       0.62443389835548546, -0.16102364421676588, 0.06313024049138416,
       0.46880118407412352, -0.11489923180232997, 0.06823734509257269,
       0.5960791940093213, -0.10467328968508711, 0.047945569815519076,
       0.63667238405620541 ]
calibration_error: 0.37104777801491073
calibration_time: "20250516-102350"
pattern_type: checkerboard
square_size: 0.014999999999999999
