%YAML:1.0
---
camera_matrix: !!opencv-matrix
   rows: 3
   cols: 3
   dt: d
   data: [ 2228.1224443640181, 0., 941.32722172435649, 0.,
       2225.6225172126692, 613.35757843301451, 0., 0., 1. ]
dist_coeff: !!opencv-matrix
   rows: 1
   cols: 14
   dt: d
   data: [ -2.8914254619013118, 3.8210648322408427,
       0.0043219461636219234, -0.001843120017548588, 0.57824473034636492,
       -2.8736382732538983, 4.0013985303153898, -1.1673780247120806, 0.,
       0., 0., 0., 0., 0. ]
rotation_vectors: !!opencv-matrix
   rows: 10
   cols: 3
   dt: d
   data: [ 0.014840268472968246, 0.12932253925217124,
       -1.8723016472803156, 0.082006223252893015, 0.16559464093349832,
       -1.8346933999493711, 0.056785182331517491, 0.10720009528877202,
       -2.1311394835722881, 0.06610969756068219, 0.087386574237034276,
       -1.5950595962954808, 0.42295643910152231, 0.44538175229384902,
       -1.6588385945107009, -0.37229585323480896, -0.20246104699389877,
       -1.7079809315194201, 0.09319296410654683, 0.023812344264330244,
       -2.2251013495768421, -0.58975754236982425, -0.23230445700093705,
       -2.1735285595492098, 0.34013176129686085, -0.10034597102204965,
       -1.6551668188097011, 0.014752041469528692, 0.12933364358438265,
       -1.8724025448332182 ]
translation_vectors: !!opencv-matrix
   rows: 10
   cols: 3
   dt: d
   data: [ 0.003319627672440009, 0.042835821467589769,
       0.55290195764457262, -0.00055154871094769428,
       0.031366373459930083, 0.54720515054789898, 0.056383358419593348,
       0.078605379414141738, 0.49252431155405141, -0.05672905499569024,
       -0.040056173999215287, 0.50382900218143012, -0.021169916685925452,
       -0.020108066317259959, 0.53746404669338643,
       -0.0046639590141491962, 0.057651707718553123, 0.52072405477212913,
       0.097477171743225677, 0.084817927687790423, 0.4660521569987785,
       0.10760015452309618, 0.099550716545706727, 0.46796241206336664,
       -0.054566377902049719, -0.0053610635535794862,
       0.37866152931887426, 0.0033073011275637472, 0.042838669169206658,
       0.55289427206582986 ]
calibration_error: 0.28386307004377759
calibration_time: "20250502-113918"
pattern_type: checkerboard
square_size: 0.014999999999999999
