%YAML:1.0
---
camera_matrix: !!opencv-matrix
   rows: 3
   cols: 3
   dt: d
   data: [ 2217.726729718594, 0., 993.98767293725098, 0.,
       2216.3811784809691, 572.78430814773753, 0., 0., 1. ]
dist_coeff: !!opencv-matrix
   rows: 1
   cols: 14
   dt: d
   data: [ 12.805632711420859, -41.241184287105412,
       -0.0049742287703517995, 0.0046227806483001409,
       -23.630123534511419, 12.915213417639166, -40.822280893568518,
       -27.338221767991566, 0., 0., 0., 0., 0., 0. ]
rotation_vectors: !!opencv-matrix
   rows: 10
   cols: 3
   dt: d
   data: [ 0.042029237478810738, 0.045167128918822859,
       -1.6298199977584613, 0.39650087379520299, 0.48742270758402395,
       -1.5466116578360225, -0.18291966372261281, -0.32798333156594822,
       -1.593237915816363, 0.44908034721820639, -0.18517491445778006,
       -1.4911913130654246, -0.40136778206213902, 0.57084999334791331,
       -1.6256165673164877, 0.087355145177759275, 0.22007215032368507,
       -2.5882622387216929, -0.15280010356512408, 0.24860034581220036,
       -0.78947915705393534, 0.44256636148918782, -0.080800172129746065,
       -1.488137601770902, -0.00086598648533363744, 0.1171691596886118,
       -1.9848419430163873, 0.042093376683158559, 0.045325104735537747,
       -1.6297068595729762 ]
translation_vectors: !!opencv-matrix
   rows: 10
   cols: 3
   dt: d
   data: [ -0.08361518799903539, 0.067941038221237537,
       0.5520183207651892, -0.06543574575575252, -0.030269386370282893,
       0.53182958965537963, -0.062602113012038413, 0.051736947399553687,
       0.39751272422525091, -0.11058612221920711, 0.034988324390453643,
       0.37244357742552631, 0.024382700299434113, 0.037757475976785401,
       0.54309880319056281, 0.0054914322395773199, 0.11201146166793893,
       0.47434585449520383, -0.068255760663758144, -0.014358063375211484,
       0.53994361679268399, -0.14936397169793736, 0.076087146675439907,
       0.38383234771377728, -0.089663231441366828, 0.084527750574346985,
       0.50942147313733133, -0.083620530849412941, 0.067917871433110441,
       0.55200752698243361 ]
calibration_error: 0.43621678026217109
calibration_time: "20250520-150126"
pattern_type: checkerboard
square_size: 0.014999999999999999
