%YAML:1.0
---
timestamp: "20250526-175359"
total_configs: 0
