%YAML:1.0
---
timestamp: "20250516-102208"
total_configs: 10
config_1_position: !!opencv-matrix
   rows: 3
   cols: 1
   dt: d
   data: [ 529.87760000000003, 19.666599999999999, 173.28639999999999 ]
config_1_quaternion: !!opencv-matrix
   rows: 4
   cols: 1
   dt: d
   data: [ 0.34739999999999999, 0.60899999999999999, 0.40610000000000002,
       0.58609999999999995 ]
config_1_image: "calib_images/calib_1.jpg"
config_2_position: !!opencv-matrix
   rows: 3
   cols: 1
   dt: d
   data: [ 514.95039999999995, -54.177300000000002, 225.37860000000001 ]
config_2_quaternion: !!opencv-matrix
   rows: 4
   cols: 1
   dt: d
   data: [ 0.4975, 0.51529999999999998, 0.53139999999999998,
       0.45229999999999998 ]
config_2_image: "calib_images/calib_2.jpg"
config_3_position: !!opencv-matrix
   rows: 3
   cols: 1
   dt: d
   data: [ 509.29539999999997, 21.338000000000001, 290.99770000000001 ]
config_3_quaternion: !!opencv-matrix
   rows: 4
   cols: 1
   dt: d
   data: [ 0.24440000000000001, 0.64439999999999997, 0.27339999999999998,
       0.67110000000000003 ]
config_3_image: "calib_images/calib_3.jpg"
config_4_position: !!opencv-matrix
   rows: 3
   cols: 1
   dt: d
   data: [ 571.25840000000005, 15.763199999999999, 257.20940000000002 ]
config_4_quaternion: !!opencv-matrix
   rows: 4
   cols: 1
   dt: d
   data: [ 0.46679999999999999, 0.46850000000000003, 0.32640000000000002,
       0.6754 ]
config_4_image: "calib_images/calib_4.jpg"
config_5_position: !!opencv-matrix
   rows: 3
   cols: 1
   dt: d
   data: [ 473.78250000000003, -0.6109, 322.14030000000002 ]
config_5_quaternion: !!opencv-matrix
   rows: 4
   cols: 1
   dt: d
   data: [ 0.2424, 0.74199999999999999, 0.5161, 0.35249999999999998 ]
config_5_image: "calib_images/calib_5.jpg"
config_6_position: !!opencv-matrix
   rows: 3
   cols: 1
   dt: d
   data: [ 584.76250000000005, -97.798900000000003, 298.23779999999999 ]
config_6_quaternion: !!opencv-matrix
   rows: 4
   cols: 1
   dt: d
   data: [ 0.043400000000000001, 0.3836, 0.70330000000000004,
       0.59699999999999998 ]
config_6_image: "calib_images/calib_6.jpg"
config_7_position: !!opencv-matrix
   rows: 3
   cols: 1
   dt: d
   data: [ 568.34299999999996, 134.44399999999999, 232.61439999999999 ]
config_7_quaternion: !!opencv-matrix
   rows: 4
   cols: 1
   dt: d
   data: [ 0.52949999999999997, 0.76639999999999997, 0.15459999999999999,
       0.32919999999999999 ]
config_7_image: "calib_images/calib_7.jpg"
config_8_position: !!opencv-matrix
   rows: 3
   cols: 1
   dt: d
   data: [ 601.87400000000002, 60.112900000000003, 260.40120000000002 ]
config_8_quaternion: !!opencv-matrix
   rows: 4
   cols: 1
   dt: d
   data: [ 0.48089999999999999, 0.48270000000000002, 0.35570000000000002,
       0.63970000000000005 ]
config_8_image: "calib_images/calib_8.jpg"
config_9_position: !!opencv-matrix
   rows: 3
   cols: 1
   dt: d
   data: [ 569.45899999999995, -35.356499999999997, 241.51650000000001 ]
config_9_quaternion: !!opencv-matrix
   rows: 4
   cols: 1
   dt: d
   data: [ 0.2258, 0.55810000000000004, 0.53110000000000002,
       0.59619999999999995 ]
config_9_image: "calib_images/calib_9.jpg"
config_10_position: !!opencv-matrix
   rows: 3
   cols: 1
   dt: d
   data: [ 530.03930000000003, 19.679400000000001, 173.35149999999999 ]
config_10_quaternion: !!opencv-matrix
   rows: 4
   cols: 1
   dt: d
   data: [ 0.34710000000000002, 0.60899999999999999, 0.40620000000000001,
       0.58630000000000004 ]
config_10_image: "calib_images/calib_10.jpg"
total_configs: 10
