%YAML:1.0
---
transform: !!opencv-matrix
   rows: 4
   cols: 4
   dt: d
   data: [ -0.99454799678162176, -0.090884239663243355,
       -0.051130588481821754, 710.97915455411919, -0.096673050586339515,
       0.98739630862280725, 0.12531101710697629, 34.376247695247798,
       0.039097357813467404, 0.12957077100522324, -0.99079907746884666,
       829.12989367999751, 0., 0., 0., 1. ]
calibration_time: "20250502-113931"
