%YAML:1.0
---
transform: !!opencv-matrix
   rows: 4
   cols: 4
   dt: d
   data: [ -0.99886568358148775, -0.040468282632500414,
       -0.025093111884799495, 682.74741558859193, -0.038993075665767686,
       0.9976280034791003, -0.056726596270424846, 49.211373638469723,
       0.027329219041361503, -0.055683792750495432, -0.99807436046193931,
       814.61860533045092, 0., 0., 0., 1. ]
calibration_time: "20250516-102405"
