%YAML:1.0
---
transform: !!opencv-matrix
   rows: 4
   cols: 4
   dt: d
   data: [ -0.99869154253512726, -0.047465098189927557,
       0.019033321376698682, 682.18448445164904, -0.048908565775126825,
       0.99523417140448389, -0.084361699026574241, 51.443204482384687,
       -0.014938375501648503, -0.085182207782204963,
       -0.99625339970045834, 716.93120519668162, 0., 0., 0., 1. ]
calibration_time: "20250520-150800"
